{"producer":{"name":"Blender","version":"2.79 (sub 7)","exporter_version":"5.6.4","file":"human.babylon"},
"autoClear":true,"clearColor":[0.0509,0.0509,0.0509],"ambientColor":[0,0,0],"gravity":[0,-9.81,0],
"materials":[{"name":"human.Boy01_Body_MAT","id":"human.Boy01_Body_MAT","ambient":[1,1,1],"diffuse":[0.8,0.8,0.8],"specular":[0.5,0.5,0.5],"emissive":[0,0,0],"specularPower":84,"alpha":1,"backFaceCulling":true,"checkReadyOnlyOnce":false,"maxSimultaneousLights":4, 
"diffuseTexture":{"name":"Boy01_diffuse.jpg","level":1,"hasAlpha":1,"coordinatesMode":0,"uOffset":0,"vOffset":0,"uScale":1,"vScale":1,"uAng":0,"vAng":0,"wAng":0,"wrapU":1,"wrapV":1,"coordinatesIndex":0}, 
"bumpTexture":{"name":"Boy01_normal.jpg","level":0.14,"hasAlpha":1,"coordinatesMode":0,"uOffset":0,"vOffset":0,"uScale":1,"vScale":1,"uAng":0,"vAng":0,"wAng":0,"wrapU":1,"wrapV":1,"coordinatesIndex":0}, 
"specularTexture":{"name":"Boy01_spec.jpg","level":1,"hasAlpha":1,"coordinatesMode":0,"uOffset":0,"vOffset":0,"uScale":1,"vScale":1,"uAng":0,"vAng":0,"wAng":0,"wrapU":1,"wrapV":1,"coordinatesIndex":0}},
{"name":"human.Boy01_Eyes_MAT1","id":"human.Boy01_Eyes_MAT1","ambient":[1,1,1],"diffuse":[0.8,0.8,0.8],"specular":[0.2,0.2,0.2],"emissive":[0,0,0],"specularPower":49,"alpha":1,"backFaceCulling":true,"checkReadyOnlyOnce":false,"maxSimultaneousLights":4, 
"diffuseTexture":{"name":"Boy01_FacialAnimMap.png","level":1,"hasAlpha":1,"coordinatesMode":0,"uOffset":0,"vOffset":0,"uScale":1,"vScale":1,"uAng":0,"vAng":0,"wAng":0,"wrapU":1,"wrapV":1,"coordinatesIndex":0}},
{"name":"human.Boy01_Mouth_MAT1","id":"human.Boy01_Mouth_MAT1","ambient":[1,1,1],"diffuse":[0.8,0.8,0.8],"specular":[0.2,0.2,0.2],"emissive":[0,0,0],"specularPower":49,"alpha":1,"backFaceCulling":true,"checkReadyOnlyOnce":false,"maxSimultaneousLights":4, 
"diffuseTexture":{"name":"Boy01_FacialAnimMap.png","level":1,"hasAlpha":1,"coordinatesMode":0,"uOffset":0,"vOffset":0,"uScale":1,"vScale":1,"uAng":0,"vAng":0,"wAng":0,"wrapU":1,"wrapV":1,"coordinatesIndex":0}},
{"name":"human.Boy01_Brows_MAT1","id":"human.Boy01_Brows_MAT1","ambient":[1,1,1],"diffuse":[0.8,0.8,0.8],"specular":[0.2,0.2,0.2],"emissive":[0,0,0],"specularPower":49,"alpha":1,"backFaceCulling":true,"checkReadyOnlyOnce":false,"maxSimultaneousLights":4, 
"diffuseTexture":{"name":"Boy01_FacialAnimMap.png","level":1,"hasAlpha":1,"coordinatesMode":0,"uOffset":0,"vOffset":0,"uScale":1,"vScale":1,"uAng":0,"vAng":0,"wAng":0,"wrapU":1,"wrapV":1,"coordinatesIndex":0}}],
"multiMaterials":[],
"skeletons":[{"name":"Armature","id":0,"dimensionsAtRest":[153.2728,54.7944,198.9888],"bones":[
{"name":"Hips","index":0,"matrix":[0.9851,0.0686,0.1576,0,-0.1442,-0.1686,0.9751,0,-0.0935,0.9833,0.1562,0,0,0,81.1898,1],"rest":[1,0,0,0,0,0,1,0,0,1,0,0,0,2.5509,83.2081,1],"parentBoneIndex":-1,"length":30.0128
,"animation":{"dataType":3,"framePerSecond":30,"keys":[
{"frame":1,"values":[0.9851,0.0686,0.1576,0,-0.1442,-0.1686,0.9751,0,-0.0935,0.9833,0.1562,0,0,0,81.1898,1]},
{"frame":2,"values":[0.9843,0.0681,0.1626,0,-0.1487,-0.1749,0.9733,0,-0.0947,0.9822,0.162,0,-0.0309,0.0172,81.1374,1]},
{"frame":3,"values":[0.9831,0.0694,0.1695,0,-0.1544,-0.1841,0.9707,0,-0.0985,0.9805,0.1703,0,-0.0876,0.0863,81.0106,1]},
{"frame":4,"values":[0.9815,0.0724,0.1772,0,-0.1601,-0.197,0.9673,0,-0.105,0.9777,0.1817,0,-0.1666,0.1593,80.8397,1]},
{"frame":5,"values":[0.9797,0.0773,0.1847,0,-0.1646,-0.2142,0.9628,0,-0.114,0.9737,0.1972,0,-0.2646,0.1889,80.6553,1]},
{"frame":6,"values":[0.978,0.084,0.1912,0,-0.1668,-0.2366,0.9572,0,-0.1256,0.968,0.2174,0,-0.3777,0.1273,80.3075,1]},
{"frame":7,"values":[0.9759,0.0963,0.1958,0,-0.165,-0.2614,0.951,0,-0.1428,0.9604,0.2392,0,-0.5008,-0.0359,79.9979,1]},
{"frame":8,"values":[0.9755,0.1106,0.1901,0,-0.1539,-0.2743,0.9492,0,-0.1571,0.9553,0.2506,0,-0.6081,-0.21,79.8741,1]},
{"frame":9,"values":[0.9745,0.1319,0.1815,0,-0.1419,-0.2647,0.9538,0,-0.1738,0.9553,0.2393,0,-0.739,-0.3991,79.9532,1]},
{"frame":10,"values":[0.9731,0.1554,0.1702,0,-0.1304,-0.2375,0.9626,0,-0.19,0.9589,0.2108,0,-0.8828,-0.648,80.2042,1]},
{"frame":11,"values":[0.9719,0.1761,0.1562,0,-0.1197,-0.2016,0.9721,0,-0.2027,0.9635,0.1748,0,-1.0168,-1.0393,80.5295,1]},
{"frame":12,"values":[0.9703,0.1959,0.142,0,-0.113,-0.152,0.9819,0,-0.2139,0.9688,0.1253,0,-1.0972,-1.5945,80.8233,1]},
{"frame":13,"values":[0.9684,0.2113,0.1327,0,-0.1118,-0.1081,0.9878,0,-0.2231,0.9714,0.081,0,-1.149,-2.2143,81.0505,1]},
{"frame":14,"values":[0.9661,0.2237,0.1286,0,-0.1168,-0.0655,0.991,0,-0.2301,0.9725,0.0372,0,-1.128,-2.9523,81.2059,1]},
{"frame":15,"values":[0.9649,0.2293,0.1283,0,-0.1258,-0.0254,0.9917,0,-0.2306,0.973,-0.0043,0,-1.0673,-3.7389,81.2833,1]},
{"frame":16,"values":[0.9643,0.2305,0.1307,0,-0.1361,0.0078,0.9907,0,-0.2273,0.973,-0.0389,0,-1.0087,-4.4829,81.2704,1]},
{"frame":17,"values":[0.9631,0.2318,0.1365,0,-0.1483,0.0344,0.9883,0,-0.2244,0.9721,-0.0675,0,-0.9807,-5.2378,81.1692,1]},
{"frame":18,"values":[0.9619,0.2336,0.1417,0,-0.1581,0.0528,0.986,0,-0.2229,0.9709,-0.0878,0,-0.9915,-5.9926,81.0708,1]},
{"frame":19,"values":[0.961,0.2363,0.1438,0,-0.1644,0.0699,0.9839,0,-0.2225,0.9692,-0.106,0,-1.0316,-6.644,81.0025,1]},
{"frame":20,"values":[0.9594,0.2417,0.1456,0,-0.1712,0.0884,0.9813,0,-0.2243,0.9663,-0.1262,0,-1.1192,-7.1896,80.9472,1]},
{"frame":21,"values":[0.9571,0.2492,0.1475,0,-0.1778,0.1036,0.9786,0,-0.2286,0.9629,-0.1434,0,-1.2115,-7.5908,80.9141,1]},
{"frame":22,"values":[0.9553,0.256,0.148,0,-0.1815,0.1127,0.9769,0,-0.2334,0.9601,-0.1541,0,-1.2915,-7.8995,80.9145,1]},
{"frame":23,"values":[0.9545,0.259,0.1478,0,-0.1834,0.1189,0.9758,0,-0.2352,0.9585,-0.161,0,-1.3517,-8.1764,80.9317,1]},
{"frame":24,"values":[0.955,0.2578,0.1469,0,-0.1836,0.1243,0.9751,0,-0.2331,0.9582,-0.166,0,-1.3854,-8.435,80.953,1]},
{"frame":25,"values":[0.9559,0.2552,0.1456,0,-0.1827,0.1284,0.9747,0,-0.2301,0.9583,-0.1694,0,-1.3844,-8.6305,80.9729,1]},
{"frame":26,"values":[0.9563,0.2545,0.1438,0,-0.1811,0.1298,0.9749,0,-0.2294,0.9583,-0.1702,0,-1.3665,-8.737,80.9973,1]},
{"frame":27,"values":[0.9568,0.2534,0.1426,0,-0.1784,0.1245,0.976,0,-0.2296,0.9593,-0.1643,0,-1.3341,-8.7113,81.0479,1]},
{"frame":28,"values":[0.9574,0.2514,0.1418,0,-0.1742,0.1114,0.9784,0,-0.2301,0.9615,-0.1504,0,-1.3109,-8.509,81.1524,1]},
{"frame":29,"values":[0.9588,0.2479,0.139,0,-0.1662,0.0927,0.9817,0,-0.2304,0.9643,-0.1301,0,-1.3277,-8.0897,81.3122,1]},
{"frame":30,"values":[0.9609,0.2423,0.1338,0,-0.1551,0.0706,0.9854,0,-0.2293,0.9676,-0.1054,0,-1.4008,-7.4601,81.4913,1]},
{"frame":31,"values":[0.9638,0.2336,0.1283,0,-0.1431,0.0473,0.9886,0,-0.2248,0.9712,-0.079,0,-1.5331,-6.7304,81.6561,1]},
{"frame":32,"values":[0.9675,0.2214,0.1221,0,-0.1299,0.021,0.9913,0,-0.217,0.9749,-0.0491,0,-1.6692,-5.9156,81.7921,1]},
{"frame":33,"values":[0.9718,0.2058,0.1154,0,-0.1167,-0.0056,0.9931,0,-0.205,0.9786,-0.0186,0,-1.7868,-5.1067,81.8876,1]},
{"frame":34,"values":[0.9755,0.1909,0.1092,0,-0.1051,-0.0317,0.994,0,-0.1932,0.9811,0.0109,0,-1.8611,-4.3763,81.9391,1]},
{"frame":35,"values":[0.9786,0.1766,0.1059,0,-0.0973,-0.0567,0.9936,0,-0.1815,0.9826,0.0383,0,-1.8606,-3.6922,81.9381,1]},
{"frame":36,"values":[0.981,0.1606,0.1091,0,-0.0967,-0.0829,0.9919,0,-0.1683,0.9835,0.0658,0,-1.7748,-3.0384,81.8745,1]},
{"frame":37,"values":[0.9826,0.1429,0.1184,0,-0.1038,-0.1056,0.989,0,-0.1538,0.9841,0.089,0,-1.6185,-2.4912,81.7563,1]},
{"frame":38,"values":[0.9839,0.122,0.1304,0,-0.1149,-0.1269,0.9852,0,-0.1367,0.9844,0.1108,0,-1.4572,-1.9919,81.5893,1]},
{"frame":39,"values":[0.9845,0.1037,0.1414,0,-0.1257,-0.1451,0.9814,0,-0.1223,0.984,0.1298,0,-1.2765,-1.5423,81.4312,1]},
{"frame":40,"values":[0.9847,0.0899,0.1495,0,-0.1342,-0.1576,0.9783,0,-0.1115,0.9834,0.1432,0,-1.0345,-1.1286,81.3482,1]},
{"frame":41,"values":[0.9847,0.0802,0.1544,0,-0.1397,-0.165,0.9764,0,-0.1037,0.983,0.1513,0,-0.8015,-0.7439,81.2848,1]},
{"frame":42,"values":[0.9848,0.0739,0.1569,0,-0.1427,-0.1685,0.9753,0,-0.0986,0.9829,0.1554,0,-0.5293,-0.4305,81.2396,1]},
{"frame":43,"values":[0.985,0.0705,0.1577,0,-0.144,-0.1694,0.975,0,-0.0954,0.983,0.1567,0,-0.2702,-0.1967,81.2103,1]},
{"frame":44,"values":[0.9851,0.0689,0.1577,0,-0.1443,-0.169,0.975,0,-0.0939,0.9832,0.1565,0,-0.0763,-0.0505,81.1945,1]},
{"frame":45,"values":[0.9851,0.0686,0.1576,0,-0.1442,-0.1686,0.9751,0,-0.0935,0.9833,0.1562,0,0,0,81.1898,1]}],"loopBehavior":1,"name":"anim","property":"_matrix"}},
{"name":"Pelvis","index":1,"matrix":[1,0,0,0,0,1,0,0,0,0,1,0,0,0,0,1],"rest":[1,0,0,0,0,1,0,0,0,0,1,0,0,0,0,1],"parentBoneIndex":0,"length":9.7491
,"animation":{"dataType":3,"framePerSecond":30,"keys":[
{"frame":1,"values":[1,0,0,0,0,1,0,0,0,0,1,0,0,0,0,1]},
{"frame":45,"values":[1,0,0,0,0,1,0,0,0,0,1,0,0,0,0,1]}],"loopBehavior":1,"name":"anim","property":"_matrix"}},
{"name":"LeftUpLeg","index":2,"matrix":[0.9342,-0.2009,-0.2949,0,0.2381,0.9665,0.0961,0,0.2657,-0.16,0.9507,0,8.4797,-4.7955,-0.3791,1],"rest":[1,0,0,0,0,1,0,0,0,0,1,0,8.4797,-4.7955,-0.3791,1],"parentBoneIndex":1,"length":32.5553
,"animation":{"dataType":3,"framePerSecond":30,"keys":[
{"frame":1,"values":[0.9342,-0.2009,-0.2949,0,0.2381,0.9665,0.0961,0,0.2657,-0.16,0.9507,0,8.4797,-4.7955,-0.3791,1]},
{"frame":2,"values":[0.9336,-0.2041,-0.2944,0,0.2431,0.9646,0.1022,0,0.2631,-0.167,0.9502,0,8.4797,-4.7955,-0.3791,1]},
{"frame":3,"values":[0.9336,-0.2089,-0.2911,0,0.2484,0.9629,0.1054,0,0.2582,-0.1707,0.9509,0,8.4797,-4.7955,-0.3791,1]},
{"frame":4,"values":[0.9345,-0.2149,-0.2839,0,0.2541,0.961,0.1088,0,0.2494,-0.1738,0.9527,0,8.4797,-4.7955,-0.3791,1]},
{"frame":5,"values":[0.9356,-0.2203,-0.2758,0,0.2597,0.9588,0.1152,0,0.239,-0.1794,0.9543,0,8.4797,-4.7955,-0.3791,1]},
{"frame":6,"values":[0.9381,-0.2259,-0.2625,0,0.2618,0.9588,0.1106,0,0.2266,-0.1725,0.9586,0,8.4797,-4.7955,-0.3791,1]},
{"frame":7,"values":[0.9392,-0.2268,-0.258,0,0.2621,0.9586,0.1117,0,0.222,-0.1725,0.9597,0,8.4797,-4.7955,-0.3791,1]},
{"frame":8,"values":[0.9416,-0.2183,-0.2563,0,0.2526,0.9614,0.1093,0,0.2226,-0.1677,0.9604,0,8.4797,-4.7955,-0.3791,1]},
{"frame":9,"values":[0.942,-0.2076,-0.2636,0,0.2393,0.9664,0.0939,0,0.2353,-0.1515,0.96,0,8.4797,-4.7955,-0.379,1]},
{"frame":10,"values":[0.9408,-0.1964,-0.2762,0,0.2231,0.9724,0.0685,0,0.2551,-0.126,0.9587,0,8.4797,-4.7955,-0.3791,1]},
{"frame":11,"values":[0.9401,-0.1868,-0.2853,0,0.2052,0.9781,0.0358,0,0.2724,-0.0922,0.9578,0,8.4797,-4.7955,-0.3791,1]},
{"frame":12,"values":[0.9394,-0.184,-0.2893,0,0.1873,0.9822,-0.0163,0,0.2871,-0.0388,0.9571,0,8.4797,-4.7955,-0.3791,1]},
{"frame":13,"values":[0.938,-0.1864,-0.2922,0,0.1754,0.9824,-0.0637,0,0.299,0.0085,0.9542,0,8.4797,-4.7955,-0.3791,1]},
{"frame":14,"values":[0.936,-0.196,-0.2925,0,0.1699,0.979,-0.1125,0,0.3084,0.0556,0.9496,0,8.4797,-4.7955,-0.3791,1]},
{"frame":15,"values":[0.9341,-0.2099,-0.2889,0,0.1686,0.9724,-0.1614,0,0.3148,0.1021,0.9437,0,8.4797,-4.7955,-0.3791,1]},
{"frame":16,"values":[0.9322,-0.2245,-0.2838,0,0.1692,0.9637,-0.2064,0,0.3198,0.1444,0.9364,0,8.4797,-4.7955,-0.3791,1]},
{"frame":17,"values":[0.9302,-0.24,-0.2779,0,0.1716,0.9532,-0.2489,0,0.3246,0.1839,0.9278,0,8.4797,-4.7955,-0.3791,1]},
{"frame":18,"values":[0.9282,-0.2518,-0.2738,0,0.1727,0.9437,-0.2821,0,0.3294,0.2146,0.9195,0,8.4797,-4.7955,-0.3791,1]},
{"frame":19,"values":[0.9271,-0.2592,-0.2706,0,0.1706,0.935,-0.311,0,0.3336,0.2422,0.9111,0,8.4797,-4.7955,-0.3791,1]},
{"frame":20,"values":[0.9255,-0.2663,-0.2692,0,0.1679,0.9258,-0.3385,0,0.3394,0.2681,0.9016,0,8.4797,-4.7955,-0.3791,1]},
{"frame":21,"values":[0.9232,-0.2726,-0.271,0,0.1658,0.9184,-0.3591,0,0.3468,0.2866,0.8931,0,8.4797,-4.7955,-0.3791,1]},
{"frame":22,"values":[0.9211,-0.2758,-0.2746,0,0.1632,0.9142,-0.3709,0,0.3534,0.2969,0.8871,0,8.4797,-4.7955,-0.3791,1]},
{"frame":23,"values":[0.9204,-0.2774,-0.2757,0,0.1615,0.9116,-0.378,0,0.3561,0.3033,0.8838,0,8.4797,-4.7955,-0.3791,1]},
{"frame":24,"values":[0.9206,-0.2778,-0.2743,0,0.1603,0.9096,-0.3834,0,0.356,0.309,0.8819,0,8.4797,-4.7955,-0.3791,1]},
{"frame":25,"values":[0.9211,-0.2779,-0.2728,0,0.1593,0.9081,-0.3872,0,0.3553,0.3132,0.8807,0,8.4797,-4.7955,-0.3791,1]},
{"frame":26,"values":[0.9209,-0.2771,-0.274,0,0.1578,0.9081,-0.388,0,0.3563,0.3141,0.88,0,8.4797,-4.7955,-0.3791,1]},
{"frame":27,"values":[0.9207,-0.2749,-0.277,0,0.1583,0.9118,-0.379,0,0.3568,0.305,0.883,0,8.4797,-4.7955,-0.3791,1]},
{"frame":28,"values":[0.9202,-0.2707,-0.2829,0,0.1613,0.9205,-0.356,0,0.3568,0.282,0.8906,0,8.4797,-4.7955,-0.3791,1]},
{"frame":29,"values":[0.9206,-0.2613,-0.2901,0,0.1634,0.9327,-0.3215,0,0.3546,0.2486,0.9014,0,8.4797,-4.7955,-0.3791,1]},
{"frame":30,"values":[0.9215,-0.2473,-0.2996,0,0.1628,0.946,-0.2802,0,0.3527,0.2094,0.912,0,8.4797,-4.7955,-0.3791,1]},
{"frame":31,"values":[0.9228,-0.231,-0.3084,0,0.1607,0.9582,-0.2367,0,0.3502,0.1689,0.9213,0,8.4797,-4.7955,-0.3791,1]},
{"frame":32,"values":[0.9259,-0.2121,-0.3126,0,0.1574,0.9689,-0.1911,0,0.3434,0.1278,0.9304,0,8.4797,-4.7955,-0.3791,1]},
{"frame":33,"values":[0.9315,-0.1929,-0.3083,0,0.153,0.977,-0.1488,0,0.3299,0.0914,0.9396,0,8.4797,-4.7955,-0.3791,1]},
{"frame":34,"values":[0.9372,-0.1756,-0.3014,0,0.1484,0.9827,-0.111,0,0.3157,0.0593,0.947,0,8.4797,-4.7955,-0.3791,1]},
{"frame":35,"values":[0.9415,-0.1634,-0.2948,0,0.1469,0.9861,-0.0772,0,0.3033,0.0293,0.9524,0,8.4797,-4.7955,-0.3791,1]},
{"frame":36,"values":[0.9436,-0.1593,-0.2902,0,0.1537,0.9872,-0.0422,0,0.2932,-0.0048,0.956,0,8.4797,-4.7955,-0.3791,1]},
{"frame":37,"values":[0.9438,-0.1639,-0.287,0,0.1675,0.9858,-0.012,0,0.2848,-0.0368,0.9579,0,8.4797,-4.7955,-0.3791,1]},
{"frame":38,"values":[0.9425,-0.1714,-0.2868,0,0.183,0.983,0.014,0,0.2795,-0.0657,0.9579,0,8.4797,-4.7955,-0.3791,1]},
{"frame":39,"values":[0.9406,-0.1783,-0.2891,0,0.1971,0.9797,0.0369,0,0.2766,-0.0916,0.9566,0,8.4797,-4.7955,-0.3791,1]},
{"frame":40,"values":[0.9388,-0.1852,-0.2904,0,0.211,0.9757,0.0598,0,0.2723,-0.1174,0.955,0,8.4797,-4.7955,-0.3791,1]},
{"frame":41,"values":[0.9375,-0.1901,-0.2913,0,0.2208,0.9724,0.0759,0,0.2688,-0.1355,0.9536,0,8.4797,-4.7955,-0.3791,1]},
{"frame":42,"values":[0.9359,-0.1939,-0.2942,0,0.2281,0.9698,0.0864,0,0.2685,-0.148,0.9518,0,8.4797,-4.7955,-0.3791,1]},
{"frame":43,"values":[0.9346,-0.197,-0.2963,0,0.2334,0.968,0.0926,0,0.2686,-0.1557,0.9506,0,8.4797,-4.7955,-0.3791,1]},
{"frame":44,"values":[0.934,-0.1995,-0.2963,0,0.2368,0.9668,0.0955,0,0.2674,-0.1593,0.9503,0,8.4797,-4.7955,-0.3791,1]},
{"frame":45,"values":[0.9342,-0.2009,-0.2949,0,0.2381,0.9665,0.0961,0,0.2657,-0.16,0.9507,0,8.4797,-4.7955,-0.3791,1]}],"loopBehavior":1,"name":"anim","property":"_matrix"}},
{"name":"LeftLeg","index":3,"matrix":[1,0.0004,-0.0058,0,0.0004,0.9906,0.1364,0,0.0058,-0.1364,0.9906,0,0.4851,-32.5515,0.1129,1],"rest":[1,0,0,0,0,1,0,0,0,0,1,0,0.4851,-32.5515,0.1129,1],"parentBoneIndex":2,"length":24.7468
,"animation":{"dataType":3,"framePerSecond":30,"keys":[
{"frame":1,"values":[1,0.0004,-0.0058,0,0.0004,0.9906,0.1364,0,0.0058,-0.1364,0.9906,0,0.4851,-32.5515,0.1129,1]},
{"frame":2,"values":[1,0.0004,-0.0058,0,0.0004,0.9906,0.137,0,0.0058,-0.137,0.9905,0,0.4851,-32.5515,0.1129,1]},
{"frame":3,"values":[1,0.0001,-0.0057,0,0.0007,0.9885,0.1509,0,0.0057,-0.1509,0.9885,0,0.4851,-32.5515,0.1129,1]},
{"frame":4,"values":[1,-0.0002,-0.0056,0,0.0012,0.9852,0.1716,0,0.0055,-0.1716,0.9852,0,0.4851,-32.5515,0.1129,1]},
{"frame":5,"values":[1,-0.0006,-0.0056,0,0.0016,0.9811,0.1934,0,0.0053,-0.1934,0.9811,0,0.4851,-32.5515,0.1129,1]},
{"frame":6,"values":[1,-0.0012,-0.0056,0,0.0026,0.9694,0.2453,0,0.0052,-0.2453,0.9694,0,0.4851,-32.5515,0.1129,1]},
{"frame":7,"values":[1,-0.0017,-0.0058,0,0.0033,0.958,0.2868,0,0.005,-0.2868,0.958,0,0.4851,-32.5515,0.1129,1]},
{"frame":8,"values":[1,-0.0021,-0.0058,0,0.0038,0.9497,0.313,0,0.0049,-0.313,0.9497,0,0.4851,-32.5515,0.1129,1]},
{"frame":9,"values":[1,-0.0022,-0.0058,0,0.0039,0.9482,0.3175,0,0.0048,-0.3175,0.9482,0,0.4851,-32.5515,0.1129,1]},
{"frame":10,"values":[1,-0.002,-0.0057,0,0.0037,0.9525,0.3044,0,0.0048,-0.3044,0.9525,0,0.4851,-32.5515,0.1129,1]},
{"frame":11,"values":[1,-0.0018,-0.0056,0,0.0033,0.9586,0.2848,0,0.0049,-0.2848,0.9586,0,0.4851,-32.5515,0.1129,1]},
{"frame":12,"values":[1,-0.0016,-0.0055,0,0.003,0.963,0.2695,0,0.0049,-0.2695,0.963,0,0.4851,-32.5515,0.1129,1]},
{"frame":13,"values":[1,-0.0015,-0.0054,0,0.0028,0.9674,0.2533,0,0.0048,-0.2534,0.9674,0,0.4851,-32.5515,0.1129,1]},
{"frame":14,"values":[1,-0.0013,-0.0052,0,0.0025,0.9715,0.237,0,0.0048,-0.2371,0.9715,0,0.4851,-32.5515,0.1129,1]},
{"frame":15,"values":[1,-0.0012,-0.0051,0,0.0023,0.9747,0.2237,0,0.0047,-0.2237,0.9746,0,0.4851,-32.5515,0.1129,1]},
{"frame":16,"values":[1,-0.0011,-0.0051,0,0.0022,0.9758,0.2188,0,0.0047,-0.2188,0.9758,0,0.4851,-32.5515,0.1129,1]},
{"frame":17,"values":[1,-0.0012,-0.005,0,0.0023,0.975,0.2224,0,0.0046,-0.2224,0.975,0,0.4851,-32.5515,0.1129,1]},
{"frame":18,"values":[1,-0.0013,-0.005,0,0.0023,0.9742,0.2256,0,0.0046,-0.2256,0.9742,0,0.4851,-32.5515,0.1129,1]},
{"frame":19,"values":[1,-0.0013,-0.005,0,0.0024,0.9736,0.2281,0,0.0045,-0.2281,0.9736,0,0.4851,-32.5515,0.1129,1]},
{"frame":20,"values":[1,-0.0013,-0.0049,0,0.0024,0.9736,0.2281,0,0.0045,-0.2281,0.9736,0,0.4851,-32.5515,0.1129,1]},
{"frame":21,"values":[1,-0.0013,-0.0048,0,0.0024,0.9743,0.2251,0,0.0044,-0.2251,0.9743,0,0.4851,-32.5515,0.1129,1]},
{"frame":22,"values":[1,-0.0013,-0.0047,0,0.0023,0.9755,0.2201,0,0.0043,-0.2201,0.9755,0,0.4851,-32.5515,0.1129,1]},
{"frame":23,"values":[1,-0.0012,-0.0047,0,0.0022,0.977,0.2132,0,0.0043,-0.2132,0.977,0,0.4851,-32.5515,0.1129,1]},
{"frame":24,"values":[1,-0.0011,-0.0046,0,0.0021,0.9785,0.2062,0,0.0042,-0.2062,0.9785,0,0.4851,-32.5515,0.1129,1]},
{"frame":25,"values":[1,-0.0011,-0.0045,0,0.002,0.9797,0.2006,0,0.0042,-0.2006,0.9797,0,0.4851,-32.5515,0.1129,1]},
{"frame":26,"values":[1,-0.001,-0.0045,0,0.0019,0.9804,0.1969,0,0.0042,-0.1969,0.9804,0,0.4851,-32.5515,0.1129,1]},
{"frame":27,"values":[1,-0.0009,-0.0045,0,0.0018,0.9817,0.1905,0,0.0043,-0.1905,0.9817,0,0.4851,-32.5515,0.1129,1]},
{"frame":28,"values":[1,-0.0007,-0.0045,0,0.0015,0.9843,0.1766,0,0.0043,-0.1767,0.9843,0,0.4851,-32.5515,0.1129,1]},
{"frame":29,"values":[1,-0.0004,-0.0046,0,0.0011,0.9873,0.1589,0,0.0044,-0.1589,0.9873,0,0.4851,-32.5515,0.1129,1]},
{"frame":30,"values":[1,-0.0001,-0.0046,0,0.0008,0.9897,0.1434,0,0.0046,-0.1435,0.9896,0,0.4851,-32.5515,0.1129,1]},
{"frame":31,"values":[1,0.0001,-0.0047,0,0.0005,0.9914,0.131,0,0.0047,-0.131,0.9914,0,0.4851,-32.5515,0.1129,1]},
{"frame":32,"values":[1,0.0003,-0.0047,0,0.0003,0.9922,0.1248,0,0.0047,-0.1248,0.9922,0,0.4851,-32.5515,0.1129,1]},
{"frame":33,"values":[1,0.0003,-0.0047,0,0.0003,0.992,0.126,0,0.0047,-0.126,0.992,0,0.4851,-32.5515,0.1129,1]},
{"frame":34,"values":[1,0.0002,-0.0046,0,0.0005,0.9912,0.1326,0,0.0046,-0.1326,0.9912,0,0.4851,-32.5515,0.1129,1]},
{"frame":35,"values":[1,0,-0.0046,0,0.0007,0.9899,0.1415,0,0.0046,-0.1415,0.9899,0,0.4851,-32.5515,0.1129,1]},
{"frame":36,"values":[1,-0.0001,-0.0046,0,0.0008,0.9892,0.1468,0,0.0046,-0.1468,0.9892,0,0.4851,-32.5515,0.1129,1]},
{"frame":37,"values":[1,-0.0001,-0.0047,0,0.0008,0.9888,0.149,0,0.0047,-0.149,0.9888,0,0.4851,-32.5515,0.1129,1]},
{"frame":38,"values":[1,-0.0002,-0.0049,0,0.0009,0.9878,0.1555,0,0.0048,-0.1556,0.9878,0,0.4851,-32.5515,0.1129,1]},
{"frame":39,"values":[1,-0.0002,-0.005,0,0.001,0.9869,0.1611,0,0.0049,-0.1611,0.9869,0,0.4851,-32.5515,0.1129,1]},
{"frame":40,"values":[1,-0.0001,-0.0052,0,0.0009,0.9882,0.1533,0,0.0051,-0.1533,0.9882,0,0.4851,-32.5515,0.1129,1]},
{"frame":41,"values":[1,0.0001,-0.0053,0,0.0007,0.989,0.148,0,0.0053,-0.148,0.989,0,0.4851,-32.5515,0.1129,1]},
{"frame":42,"values":[1,0.0002,-0.0055,0,0.0006,0.9897,0.1435,0,0.0054,-0.1435,0.9896,0,0.4851,-32.5515,0.1129,1]},
{"frame":43,"values":[1,0.0003,-0.0056,0,0.0005,0.9902,0.1398,0,0.0056,-0.1398,0.9902,0,0.4851,-32.5515,0.1129,1]},
{"frame":44,"values":[1,0.0004,-0.0057,0,0.0004,0.9905,0.1373,0,0.0057,-0.1373,0.9905,0,0.4851,-32.5515,0.1129,1]},
{"frame":45,"values":[1,0.0004,-0.0058,0,0.0004,0.9906,0.1364,0,0.0058,-0.1364,0.9906,0,0.4851,-32.5515,0.1129,1]}],"loopBehavior":1,"name":"anim","property":"_matrix"}},
{"name":"LeftFoot","index":4,"matrix":[0.9954,0.0959,0.0085,0,-0.0942,0.9887,-0.117,0,-0.0196,0.1156,0.9931,0,0.438,-32.6357,-3.0126,1],"rest":[1,0,0,0,0,1,0,0,0,0,1,0,0.438,-32.6357,-3.0126,1],"parentBoneIndex":3,"length":12.3192
,"animation":{"dataType":3,"framePerSecond":30,"keys":[
{"frame":1,"values":[0.9954,0.0959,0.0085,0,-0.0942,0.9887,-0.117,0,-0.0196,0.1156,0.9931,0,0.438,-32.6357,-3.0126,1]},
{"frame":2,"values":[0.9954,0.0955,0.0063,0,-0.0941,0.9886,-0.1178,0,-0.0175,0.1167,0.993,0,0.438,-32.6357,-3.0126,1]},
{"frame":3,"values":[0.9955,0.0945,-0.0025,0,-0.0941,0.9876,-0.126,0,-0.0094,0.1257,0.992,0,0.438,-32.6357,-3.0126,1]},
{"frame":4,"values":[0.9955,0.0928,-0.0186,0,-0.0945,0.986,-0.1374,0,0.0056,0.1385,0.9903,0,0.438,-32.6357,-3.0126,1]},
{"frame":5,"values":[0.9952,0.0901,-0.0386,0,-0.0949,0.9843,-0.1488,0,0.0246,0.1518,0.9881,0,0.438,-32.6357,-3.0126,1]},
{"frame":6,"values":[0.994,0.0856,-0.0681,0,-0.0963,0.98,-0.1742,0,0.0519,0.1797,0.9824,0,0.438,-32.6357,-3.0126,1]},
{"frame":7,"values":[0.9924,0.08,-0.0935,0,-0.0969,0.9762,-0.1941,0,0.0758,0.2016,0.9765,0,0.438,-32.6357,-3.0126,1]},
{"frame":8,"values":[0.991,0.0747,-0.1113,0,-0.0965,0.9738,-0.2059,0,0.093,0.2148,0.9722,0,0.438,-32.6357,-3.0126,1]},
{"frame":9,"values":[0.9904,0.0708,-0.1189,0,-0.0944,0.9739,-0.2066,0,0.1012,0.2158,0.9712,0,0.438,-32.6357,-3.0126,1]},
{"frame":10,"values":[0.9906,0.0688,-0.1182,0,-0.0913,0.9761,-0.1972,0,0.1018,0.2061,0.9732,0,0.438,-32.6357,-3.0126,1]},
{"frame":11,"values":[0.9908,0.0679,-0.1169,0,-0.0885,0.9794,-0.1812,0,0.1022,0.1899,0.9765,0,0.438,-32.6357,-3.0126,1]},
{"frame":12,"values":[0.9905,0.0683,-0.119,0,-0.0874,0.9826,-0.1636,0,0.1057,0.1725,0.9793,0,0.438,-32.6357,-3.0126,1]},
{"frame":13,"values":[0.9903,0.0698,-0.1204,0,-0.0871,0.9857,-0.1445,0,0.1086,0.1536,0.9821,0,0.438,-32.6357,-3.0126,1]},
{"frame":14,"values":[0.9898,0.0732,-0.1225,0,-0.0884,0.9884,-0.1232,0,0.112,0.1328,0.9848,0,0.438,-32.6357,-3.0126,1]},
{"frame":15,"values":[0.9895,0.078,-0.1218,0,-0.0906,0.9906,-0.1022,0,0.1127,0.1122,0.9873,0,0.438,-32.6357,-3.0126,1]},
{"frame":16,"values":[0.9894,0.0824,-0.1195,0,-0.093,0.9919,-0.0862,0,0.1115,0.0964,0.9891,0,0.438,-32.6357,-3.0126,1]},
{"frame":17,"values":[0.9892,0.0859,-0.119,0,-0.0952,0.9926,-0.0748,0,0.1117,0.0853,0.9901,0,0.438,-32.6357,-3.0126,1]},
{"frame":18,"values":[0.989,0.0885,-0.1186,0,-0.0965,0.9933,-0.0637,0,0.1121,0.0745,0.9909,0,0.438,-32.6357,-3.0126,1]},
{"frame":19,"values":[0.9888,0.0901,-0.1188,0,-0.097,0.9938,-0.0539,0,0.1132,0.0649,0.9914,0,0.438,-32.6357,-3.0126,1]},
{"frame":20,"values":[0.9887,0.0907,-0.1193,0,-0.0966,0.9943,-0.0447,0,0.1145,0.0557,0.9919,0,0.438,-32.6357,-3.0126,1]},
{"frame":21,"values":[0.9887,0.0908,-0.1196,0,-0.0958,0.9947,-0.0367,0,0.1156,0.0478,0.9921,0,0.438,-32.6357,-3.0126,1]},
{"frame":22,"values":[0.9887,0.0907,-0.1191,0,-0.0948,0.9951,-0.0296,0,0.1158,0.0406,0.9924,0,0.438,-32.6357,-3.0126,1]},
{"frame":23,"values":[0.9888,0.0909,-0.1186,0,-0.0942,0.9953,-0.0217,0,0.116,0.0326,0.9927,0,0.438,-32.6357,-3.0126,1]},
{"frame":24,"values":[0.9889,0.0917,-0.1166,0,-0.094,0.9955,-0.0136,0,0.1149,0.0244,0.9931,0,0.438,-32.6357,-3.0126,1]},
{"frame":25,"values":[0.9891,0.0928,-0.1141,0,-0.0943,0.9955,-0.0072,0,0.1129,0.0179,0.9934,0,0.438,-32.6357,-3.0126,1]},
{"frame":26,"values":[0.9893,0.0937,-0.1116,0,-0.0947,0.9955,-0.0037,0,0.1108,0.0143,0.9937,0,0.438,-32.6357,-3.0126,1]},
{"frame":27,"values":[0.9896,0.0943,-0.1089,0,-0.0951,0.9955,-0.0015,0,0.1082,0.0118,0.9941,0,0.438,-32.6357,-3.0126,1]},
{"frame":28,"values":[0.99,0.0945,-0.1043,0,-0.0949,0.9955,0.0011,0,0.104,0.0088,0.9945,0,0.438,-32.6357,-3.0126,1]},
{"frame":29,"values":[0.9907,0.0933,-0.0992,0,-0.0936,0.9956,0.0022,0,0.099,0.0071,0.9951,0,0.438,-32.6357,-3.0126,1]},
{"frame":30,"values":[0.9917,0.0905,-0.0911,0,-0.091,0.9959,-0.0013,0,0.0906,0.0095,0.9958,0,0.438,-32.6357,-3.0126,1]},
{"frame":31,"values":[0.993,0.0864,-0.0806,0,-0.0873,0.9962,-0.0074,0,0.0797,0.0144,0.9967,0,0.438,-32.6357,-3.0126,1]},
{"frame":32,"values":[0.994,0.0818,-0.0721,0,-0.0833,0.9964,-0.0174,0,0.0704,0.0233,0.9972,0,0.438,-32.6357,-3.0126,1]},
{"frame":33,"values":[0.9947,0.0774,-0.0684,0,-0.0796,0.9964,-0.03,0,0.0659,0.0353,0.9972,0,0.438,-32.6357,-3.0126,1]},
{"frame":34,"values":[0.995,0.0737,-0.0673,0,-0.0768,0.9961,-0.0441,0,0.0638,0.049,0.9968,0,0.438,-32.6357,-3.0126,1]},
{"frame":35,"values":[0.9953,0.0714,-0.0655,0,-0.0753,0.9954,-0.0587,0,0.061,0.0633,0.9961,0,0.438,-32.6357,-3.0126,1]},
{"frame":36,"values":[0.9957,0.0712,-0.0598,0,-0.0754,0.9946,-0.0715,0,0.0544,0.0757,0.9956,0,0.438,-32.6357,-3.0126,1]},
{"frame":37,"values":[0.996,0.073,-0.0509,0,-0.077,0.9937,-0.0813,0,0.0447,0.0849,0.9954,0,0.438,-32.6357,-3.0126,1]},
{"frame":38,"values":[0.9965,0.0756,-0.0362,0,-0.0787,0.9926,-0.0925,0,0.029,0.095,0.9951,0,0.438,-32.6357,-3.0126,1]},
{"frame":39,"values":[0.9967,0.0786,-0.0215,0,-0.0804,0.9915,-0.1028,0,0.0133,0.1042,0.9945,0,0.438,-32.6357,-3.0126,1]},
{"frame":40,"values":[0.9966,0.0821,-0.0106,0,-0.0828,0.9909,-0.1057,0,0.0019,0.1062,0.9943,0,0.438,-32.6357,-3.0126,1]},
{"frame":41,"values":[0.9964,0.0852,-0.0031,0,-0.085,0.9904,-0.1093,0,-0.0063,0.1092,0.994,0,0.438,-32.6357,-3.0126,1]},
{"frame":42,"values":[0.996,0.0889,0.0042,0,-0.0878,0.9897,-0.1126,0,-0.0141,0.1118,0.9936,0,0.438,-32.6357,-3.0126,1]},
{"frame":43,"values":[0.9957,0.0923,0.0088,0,-0.0907,0.9892,-0.1151,0,-0.0193,0.1138,0.9933,0,0.438,-32.6357,-3.0126,1]},
{"frame":44,"values":[0.9954,0.0949,0.0097,0,-0.0931,0.9888,-0.1165,0,-0.0207,0.1151,0.9931,0,0.438,-32.6357,-3.0126,1]},
{"frame":45,"values":[0.9954,0.0959,0.0086,0,-0.0942,0.9887,-0.117,0,-0.0197,0.1157,0.9931,0,0.438,-32.6357,-3.0126,1]}],"loopBehavior":1,"name":"anim","property":"_matrix"}},
{"name":"LeftToeBase","index":5,"matrix":[1,0,0,0,0,1,0,0,0,0,1,0,0.9702,-13.2254,11.8642,1],"rest":[1,0,0,0,0,1,0,0,0,0,1,0,0.9702,-13.2254,11.8642,1],"parentBoneIndex":4,"length":12.3192
,"animation":{"dataType":3,"framePerSecond":30,"keys":[
{"frame":1,"values":[1,0,0,0,0,1,0,0,0,0,1,0,0.9702,-13.2254,11.8642,1]},
{"frame":45,"values":[1,0,0,0,0,1,0,0,0,0,1,0,0.9702,-13.2254,11.8642,1]}],"loopBehavior":1,"name":"anim","property":"_matrix"}},
{"name":"LFootTongue","index":6,"matrix":[1,0,0,0,0,1,0,0,0,0,1,0,1.1424,-1.0598,6.6652,1],"rest":[1,0,0,0,0,1,0,0,0,0,1,0,1.1424,-1.0598,6.6652,1],"parentBoneIndex":4,"length":12.3192
,"animation":{"dataType":3,"framePerSecond":30,"keys":[
{"frame":1,"values":[1,0,0,0,0,1,0,0,0,0,1,0,1.1424,-1.0598,6.6652,1]},
{"frame":45,"values":[1,0,0,0,0,1,0,0,0,0,1,0,1.1424,-1.0598,6.6652,1]}],"loopBehavior":1,"name":"anim","property":"_matrix"}},
{"name":"LeftPantLeg","index":7,"matrix":[1,0,0,0,0,1,0,0,0,0,1,0,1.1525,-16.5193,-2.2847,1],"rest":[1,0,0,0,0,1,0,0,0,0,1,0,1.1525,-16.5193,-2.2847,1],"parentBoneIndex":3,"length":24.7469
,"animation":{"dataType":3,"framePerSecond":30,"keys":[
{"frame":1,"values":[1,0,0,0,0,1,0,0,0,0,1,0,1.1525,-16.5193,-2.2847,1]},
{"frame":6,"values":[1,0,0,0,0,1,0,0,0,0,1,0,1.1526,-16.5193,-2.2847,1]},
{"frame":7,"values":[1,0,0,0,0,1,0,0,0,0,1,0,1.1525,-16.5193,-2.2847,1]},
{"frame":16,"values":[1,0,0,0,0,1,0,0,0,0,1,0,1.1526,-16.5193,-2.2847,1]},
{"frame":17,"values":[1,0,0,0,0,1,0,0,0,0,1,0,1.1525,-16.5193,-2.2847,1]},
{"frame":31,"values":[1,0,0,0,0,1,0,0,0,0,1,0,1.1526,-16.5193,-2.2847,1]},
{"frame":32,"values":[1,0,0,0,0,1,0,0,0,0,1,0,1.1525,-16.5193,-2.2847,1]},
{"frame":34,"values":[1,0,0,0,0,1,0,0,0,0,1,0,1.1526,-16.5193,-2.2847,1]},
{"frame":35,"values":[1,0,0,0,0,1,0,0,0,0,1,0,1.1525,-16.5193,-2.2847,1]},
{"frame":40,"values":[1,0,0,0,0,1,0,0,0,0,1,0,1.1526,-16.5193,-2.2847,1]},
{"frame":41,"values":[1,0,0,0,0,1,0,0,0,0,1,0,1.1525,-16.5193,-2.2847,1]},
{"frame":45,"values":[1,0,0,0,0,1,0,0,0,0,1,0,1.1525,-16.5193,-2.2847,1]}],"loopBehavior":1,"name":"anim","property":"_matrix"}},
{"name":"RightUpLeg","index":8,"matrix":[0.8888,-0.3706,0.2694,0,0.3999,0.9145,-0.0611,0,-0.2238,0.162,0.9611,0,-8.4797,-4.7955,-0.3791,1],"rest":[1,0,0,0,0,1,0,0,0,0,1,0,-8.4797,-4.7955,-0.3791,1],"parentBoneIndex":1,"length":32.5553
,"animation":{"dataType":3,"framePerSecond":30,"keys":[
{"frame":1,"values":[0.8888,-0.3706,0.2694,0,0.3999,0.9145,-0.0611,0,-0.2238,0.162,0.9611,0,-8.4797,-4.7955,-0.3791,1]},
{"frame":2,"values":[0.8876,-0.3771,0.2646,0,0.4053,0.9122,-0.0596,0,-0.2189,0.1602,0.9625,0,-8.4797,-4.7955,-0.3791,1]},
{"frame":3,"values":[0.887,-0.3857,0.254,0,0.4124,0.909,-0.0598,0,-0.2078,0.1578,0.9653,0,-8.4797,-4.7955,-0.3791,1]},
{"frame":4,"values":[0.8869,-0.3953,0.239,0,0.4197,0.9057,-0.0597,0,-0.1929,0.1533,0.9692,0,-8.4797,-4.7955,-0.3791,1]},
{"frame":5,"values":[0.8873,-0.4047,0.2213,0,0.4261,0.9029,-0.0571,0,-0.1767,0.145,0.9735,0,-8.4797,-4.7955,-0.3791,1]},
{"frame":6,"values":[0.889,-0.4129,0.198,0,0.4312,0.9003,-0.0586,0,-0.1541,0.1375,0.9784,0,-8.4797,-4.7955,-0.3791,1]},
{"frame":7,"values":[0.8919,-0.4175,0.1736,0,0.4326,0.8996,-0.059,0,-0.1316,0.1277,0.983,0,-8.4797,-4.7955,-0.3791,1]},
{"frame":8,"values":[0.8983,-0.4092,0.1598,0,0.4225,0.9044,-0.0591,0,-0.1203,0.1206,0.9854,0,-8.4797,-4.7955,-0.3791,1]},
{"frame":9,"values":[0.907,-0.3918,0.1544,0,0.4064,0.9105,-0.0767,0,-0.1105,0.1323,0.985,0,-8.4797,-4.7955,-0.379,1]},
{"frame":10,"values":[0.9168,-0.3676,0.1559,0,0.3855,0.9166,-0.1056,0,-0.1041,0.1569,0.9821,0,-8.4797,-4.7955,-0.3791,1]},
{"frame":11,"values":[0.9267,-0.339,0.1621,0,0.3615,0.922,-0.1385,0,-0.1025,0.1869,0.977,0,-8.4797,-4.7955,-0.3791,1]},
{"frame":12,"values":[0.9365,-0.3074,0.1686,0,0.3366,0.9229,-0.187,0,-0.0981,0.2319,0.9678,0,-8.4797,-4.7955,-0.3791,1]},
{"frame":13,"values":[0.9437,-0.2828,0.1714,0,0.3177,0.9193,-0.2323,0,-0.0919,0.2737,0.9574,0,-8.4797,-4.7955,-0.3791,1]},
{"frame":14,"values":[0.9478,-0.2645,0.1783,0,0.3066,0.9095,-0.2807,0,-0.0879,0.3207,0.9431,0,-8.4797,-4.7955,-0.3791,1]},
{"frame":15,"values":[0.9485,-0.2505,0.1937,0,0.3032,0.8947,-0.3281,0,-0.0911,0.3699,0.9246,0,-8.4797,-4.7955,-0.3791,1]},
{"frame":16,"values":[0.9469,-0.2394,0.2145,0,0.3057,0.877,-0.3707,0,-0.0994,0.4166,0.9037,0,-8.4797,-4.7955,-0.3791,1]},
{"frame":17,"values":[0.9449,-0.2321,0.2308,0,0.3111,0.8564,-0.4121,0,-0.102,0.4612,0.8814,0,-8.4797,-4.7955,-0.3791,1]},
{"frame":18,"values":[0.9441,-0.2261,0.2398,0,0.3138,0.8388,-0.4448,0,-0.1006,0.4952,0.8629,0,-8.4797,-4.7955,-0.3791,1]},
{"frame":19,"values":[0.9449,-0.2179,0.2443,0,0.3121,0.8247,-0.4717,0,-0.0987,0.522,0.8472,0,-8.4797,-4.7955,-0.3791,1]},
{"frame":20,"values":[0.946,-0.2087,0.2479,0,0.3093,0.8099,-0.4984,0,-0.0968,0.5482,0.8307,0,-8.4797,-4.7955,-0.3791,1]},
{"frame":21,"values":[0.9469,-0.2004,0.2515,0,0.3068,0.7972,-0.5199,0,-0.0963,0.5695,0.8163,0,-8.4797,-4.7955,-0.3791,1]},
{"frame":22,"values":[0.9477,-0.1929,0.2544,0,0.3037,0.7899,-0.5328,0,-0.0982,0.5821,0.8071,0,-8.4797,-4.7955,-0.3791,1]},
{"frame":23,"values":[0.9481,-0.1864,0.2577,0,0.3013,0.7857,-0.5402,0,-0.1017,0.5898,0.8011,0,-8.4797,-4.7955,-0.3791,1]},
{"frame":24,"values":[0.9482,-0.1806,0.2612,0,0.2993,0.7834,-0.5447,0,-0.1063,0.5947,0.7969,0,-8.4797,-4.7955,-0.3791,1]},
{"frame":25,"values":[0.9485,-0.1765,0.2631,0,0.2974,0.7825,-0.547,0,-0.1093,0.5971,0.7947,0,-8.4797,-4.7955,-0.3791,1]},
{"frame":26,"values":[0.9493,-0.1746,0.2614,0,0.2947,0.7838,-0.5467,0,-0.1094,0.596,0.7955,0,-8.4797,-4.7955,-0.3791,1]},
{"frame":27,"values":[0.9496,-0.1763,0.2591,0,0.2936,0.7896,-0.5389,0,-0.1096,0.5878,0.8016,0,-8.4797,-4.7955,-0.3791,1]},
{"frame":28,"values":[0.949,-0.1809,0.2583,0,0.2945,0.8014,-0.5206,0,-0.1129,0.5701,0.8138,0,-8.4797,-4.7955,-0.3791,1]},
{"frame":29,"values":[0.9477,-0.1848,0.2604,0,0.2948,0.8197,-0.491,0,-0.1227,0.5421,0.8313,0,-8.4797,-4.7955,-0.3791,1]},
{"frame":30,"values":[0.9459,-0.1879,0.2646,0,0.294,0.8416,-0.453,0,-0.1376,0.5063,0.8513,0,-8.4797,-4.7955,-0.3791,1]},
{"frame":31,"values":[0.9436,-0.1916,0.2701,0,0.293,0.8632,-0.4111,0,-0.1544,0.467,0.8707,0,-8.4797,-4.7955,-0.3791,1]},
{"frame":32,"values":[0.9411,-0.1974,0.2747,0,0.2917,0.8846,-0.3638,0,-0.1712,0.4225,0.8901,0,-8.4797,-4.7955,-0.3791,1]},
{"frame":33,"values":[0.9388,-0.2041,0.2776,0,0.2897,0.9038,-0.315,0,-0.1866,0.3761,0.9076,0,-8.4797,-4.7955,-0.3791,1]},
{"frame":34,"values":[0.9375,-0.212,0.276,0,0.287,0.9194,-0.269,0,-0.1967,0.3314,0.9228,0,-8.4797,-4.7955,-0.3791,1]},
{"frame":35,"values":[0.9368,-0.223,0.2698,0,0.2871,0.9304,-0.228,0,-0.2002,0.291,0.9356,0,-8.4797,-4.7955,-0.3791,1]},
{"frame":36,"values":[0.9339,-0.2416,0.2636,0,0.2961,0.9357,-0.1916,0,-0.2003,0.257,0.9454,0,-8.4797,-4.7955,-0.3791,1]},
{"frame":37,"values":[0.9289,-0.2653,0.2585,0,0.313,0.9354,-0.1646,0,-0.1981,0.2338,0.9519,0,-8.4797,-4.7955,-0.3791,1]},
{"frame":38,"values":[0.9216,-0.2915,0.2564,0,0.334,0.9319,-0.1412,0,-0.1978,0.2158,0.9562,0,-8.4797,-4.7955,-0.3791,1]},
{"frame":39,"values":[0.9131,-0.3154,0.2583,0,0.3543,0.9274,-0.1197,0,-0.2018,0.2009,0.9586,0,-8.4797,-4.7955,-0.3791,1]},
{"frame":40,"values":[0.9051,-0.3351,0.2618,0,0.3707,0.9234,-0.0997,0,-0.2083,0.1873,0.96,0,-8.4797,-4.7955,-0.3791,1]},
{"frame":41,"values":[0.8995,-0.349,0.2628,0,0.3818,0.9204,-0.0844,0,-0.2125,0.1763,0.9611,0,-8.4797,-4.7955,-0.3791,1]},
{"frame":42,"values":[0.8956,-0.3589,0.2628,0,0.3894,0.9181,-0.0736,0,-0.2149,0.1682,0.962,0,-8.4797,-4.7955,-0.3791,1]},
{"frame":43,"values":[0.8926,-0.3654,0.264,0,0.3948,0.9164,-0.0665,0,-0.2176,0.1636,0.9622,0,-8.4797,-4.7955,-0.3791,1]},
{"frame":44,"values":[0.8902,-0.3692,0.2669,0,0.3983,0.9151,-0.0625,0,-0.2212,0.162,0.9617,0,-8.4797,-4.7955,-0.3791,1]},
{"frame":45,"values":[0.8888,-0.3706,0.2694,0,0.3999,0.9145,-0.0611,0,-0.2238,0.162,0.9611,0,-8.4797,-4.7955,-0.3791,1]}],"loopBehavior":1,"name":"anim","property":"_matrix"}},
{"name":"RightLeg","index":9,"matrix":[1,0.0066,0.0016,0,-0.0066,0.8963,0.4435,0,0.0015,-0.4435,0.8963,0,-0.4841,-32.5515,0.1129,1],"rest":[1,0,0,0,0,1,0,0,0,0,1,0,-0.4841,-32.5515,0.1129,1],"parentBoneIndex":8,"length":24.7469
,"animation":{"dataType":3,"framePerSecond":30,"keys":[
{"frame":1,"values":[1,0.0066,0.0016,0,-0.0066,0.8963,0.4435,0,0.0015,-0.4435,0.8963,0,-0.4841,-32.5515,0.1129,1]},
{"frame":2,"values":[1,0.0066,0.0019,0,-0.0067,0.892,0.4521,0,0.0013,-0.4521,0.892,0,-0.4841,-32.5515,0.1129,1]},
{"frame":3,"values":[1,0.0068,0.0021,0,-0.0069,0.8836,0.4683,0,0.0014,-0.4683,0.8836,0,-0.4841,-32.5515,0.1129,1]},
{"frame":4,"values":[1,0.007,0.0023,0,-0.0072,0.8727,0.4883,0,0.0014,-0.4883,0.8727,0,-0.4841,-32.5515,0.1129,1]},
{"frame":5,"values":[1,0.0072,0.0025,0,-0.0075,0.8609,0.5087,0,0.0015,-0.5087,0.861,0,-0.4841,-32.5515,0.1129,1]},
{"frame":6,"values":[1,0.0075,0.0029,0,-0.0079,0.8412,0.5406,0,0.0016,-0.5406,0.8412,0,-0.4841,-32.5515,0.1129,1]},
{"frame":7,"values":[1,0.0078,0.0033,0,-0.0083,0.8235,0.5673,0,0.0017,-0.5673,0.8235,0,-0.4841,-32.5515,0.1129,1]},
{"frame":8,"values":[1,0.0079,0.0034,0,-0.0084,0.8177,0.5756,0,0.0018,-0.5756,0.8177,0,-0.4841,-32.5515,0.1129,1]},
{"frame":9,"values":[1,0.0078,0.0033,0,-0.0083,0.8215,0.5702,0,0.0018,-0.5702,0.8215,0,-0.4841,-32.5515,0.1129,1]},
{"frame":10,"values":[1,0.0076,0.003,0,-0.0081,0.8339,0.5518,0,0.0017,-0.5518,0.834,0,-0.4841,-32.5515,0.1129,1]},
{"frame":11,"values":[1,0.0074,0.0027,0,-0.0077,0.8512,0.5248,0,0.0016,-0.5248,0.8512,0,-0.4841,-32.5515,0.1129,1]},
{"frame":12,"values":[1,0.007,0.0024,0,-0.0073,0.8679,0.4966,0,0.0014,-0.4966,0.868,0,-0.4841,-32.5515,0.1129,1]},
{"frame":13,"values":[1,0.0068,0.0022,0,-0.007,0.8813,0.4726,0,0.0013,-0.4726,0.8813,0,-0.4841,-32.5515,0.1129,1]},
{"frame":14,"values":[1,0.0065,0.002,0,-0.0067,0.8911,0.4538,0,0.0012,-0.4538,0.8911,0,-0.4841,-32.5515,0.1129,1]},
{"frame":15,"values":[1,0.0064,0.0019,0,-0.0066,0.8973,0.4414,0,0.0011,-0.4414,0.8973,0,-0.4841,-32.5515,0.1129,1]},
{"frame":16,"values":[1,0.0063,0.002,0,-0.0065,0.8988,0.4383,0,0.001,-0.4383,0.8988,0,-0.4841,-32.5515,0.1129,1]},
{"frame":17,"values":[1,0.0063,0.0021,0,-0.0066,0.8952,0.4455,0,0.0009,-0.4455,0.8953,0,-0.4841,-32.5515,0.1129,1]},
{"frame":18,"values":[1,0.0064,0.0022,0,-0.0067,0.892,0.4519,0,0.0009,-0.4519,0.8921,0,-0.4841,-32.5515,0.1129,1]},
{"frame":19,"values":[1,0.0064,0.0022,0,-0.0067,0.8913,0.4533,0,0.0009,-0.4533,0.8914,0,-0.4841,-32.5515,0.1129,1]},
{"frame":20,"values":[1,0.0064,0.0023,0,-0.0067,0.8913,0.4533,0,0.0009,-0.4534,0.8913,0,-0.4841,-32.5515,0.1129,1]},
{"frame":21,"values":[1,0.0063,0.0023,0,-0.0067,0.892,0.452,0,0.0008,-0.452,0.892,0,-0.4841,-32.5515,0.1129,1]},
{"frame":22,"values":[1,0.0063,0.0023,0,-0.0066,0.8941,0.4479,0,0.0008,-0.4479,0.8941,0,-0.4841,-32.5515,0.1129,1]},
{"frame":23,"values":[1,0.0062,0.0022,0,-0.0066,0.8967,0.4426,0,0.0007,-0.4426,0.8967,0,-0.4841,-32.5515,0.1129,1]},
{"frame":24,"values":[1,0.0061,0.0022,0,-0.0065,0.8996,0.4368,0,0.0007,-0.4368,0.8996,0,-0.4841,-32.5515,0.1129,1]},
{"frame":25,"values":[1,0.0061,0.0022,0,-0.0064,0.9022,0.4312,0,0.0007,-0.4313,0.9022,0,-0.4841,-32.5515,0.1129,1]},
{"frame":26,"values":[1,0.006,0.0021,0,-0.0063,0.9048,0.4259,0,0.0007,-0.4259,0.9048,0,-0.4841,-32.5515,0.1129,1]},
{"frame":27,"values":[1,0.006,0.0021,0,-0.0063,0.9071,0.4209,0,0.0006,-0.4209,0.9071,0,-0.4841,-32.5515,0.1129,1]},
{"frame":28,"values":[1,0.0059,0.002,0,-0.0062,0.91,0.4145,0,0.0006,-0.4145,0.9101,0,-0.4841,-32.5515,0.1129,1]},
{"frame":29,"values":[1,0.0058,0.0019,0,-0.0061,0.9144,0.4047,0,0.0006,-0.4047,0.9144,0,-0.4841,-32.5515,0.1129,1]},
{"frame":30,"values":[1,0.0057,0.0018,0,-0.0059,0.9189,0.3943,0,0.0006,-0.3943,0.919,0,-0.4841,-32.5515,0.1129,1]},
{"frame":31,"values":[1,0.0056,0.0017,0,-0.0058,0.9225,0.3859,0,0.0006,-0.3859,0.9225,0,-0.4841,-32.5515,0.1129,1]},
{"frame":32,"values":[1,0.0055,0.0016,0,-0.0057,0.9252,0.3794,0,0.0007,-0.3794,0.9252,0,-0.4841,-32.5515,0.1129,1]},
{"frame":33,"values":[1,0.0055,0.0015,0,-0.0056,0.9273,0.3742,0,0.0007,-0.3742,0.9274,0,-0.4841,-32.5515,0.1129,1]},
{"frame":34,"values":[1,0.0055,0.0014,0,-0.0056,0.9288,0.3706,0,0.0008,-0.3706,0.9288,0,-0.4841,-32.5515,0.1129,1]},
{"frame":35,"values":[1,0.0055,0.0013,0,-0.0056,0.9283,0.3717,0,0.0008,-0.3717,0.9283,0,-0.4841,-32.5515,0.1129,1]},
{"frame":36,"values":[1,0.0057,0.0014,0,-0.0058,0.9241,0.3821,0,0.0009,-0.3821,0.9241,0,-0.4841,-32.5515,0.1129,1]},
{"frame":37,"values":[1,0.0059,0.0015,0,-0.006,0.9164,0.4001,0,0.001,-0.4001,0.9165,0,-0.4841,-32.5515,0.1129,1]},
{"frame":38,"values":[1,0.0062,0.0017,0,-0.0063,0.9061,0.423,0,0.0011,-0.423,0.9061,0,-0.4841,-32.5515,0.1129,1]},
{"frame":39,"values":[1,0.0065,0.0018,0,-0.0066,0.8972,0.4415,0,0.0012,-0.4415,0.8973,0,-0.4841,-32.5515,0.1129,1]},
{"frame":40,"values":[1,0.0066,0.0018,0,-0.0067,0.8937,0.4486,0,0.0013,-0.4486,0.8937,0,-0.4841,-32.5515,0.1129,1]},
{"frame":41,"values":[1,0.0066,0.0018,0,-0.0067,0.8923,0.4515,0,0.0013,-0.4515,0.8923,0,-0.4841,-32.5515,0.1129,1]},
{"frame":42,"values":[1,0.0066,0.0018,0,-0.0067,0.8927,0.4506,0,0.0014,-0.4506,0.8927,0,-0.4841,-32.5515,0.1129,1]},
{"frame":43,"values":[1,0.0066,0.0018,0,-0.0067,0.894,0.448,0,0.0014,-0.448,0.8941,0,-0.4841,-32.5515,0.1129,1]},
{"frame":44,"values":[1,0.0066,0.0018,0,-0.0066,0.8955,0.4451,0,0.0013,-0.4451,0.8955,0,-0.4841,-32.5515,0.1129,1]},
{"frame":45,"values":[1,0.0066,0.0016,0,-0.0066,0.8963,0.4435,0,0.0015,-0.4435,0.8963,0,-0.4841,-32.5515,0.1129,1]}],"loopBehavior":1,"name":"anim","property":"_matrix"}},
{"name":"RightFoot","index":10,"matrix":[0.9765,0.1614,0.1425,0,-0.1366,0.976,-0.1698,0,-0.1664,0.1463,0.9751,0,-0.439,-32.6357,-3.0127,1],"rest":[1,0,0,0,0,1,0,0,0,0,1,0,-0.439,-32.6357,-3.0127,1],"parentBoneIndex":9,"length":12.3192
,"animation":{"dataType":3,"framePerSecond":30,"keys":[
